94
1
4
95
1
3
96
1
4
97
1
3
57
2
4
58
2
2
59
2
5
60
2
1
7
3
1
8
3
2
42
5
1
43
5
2
72
7
3
73
7
3
74
7
4
42
14
1
43
14
1
70
18
6
71
18
6
72
18
6
17
22
3
18
22
3
19
32
2
27
36
2
28
36
2
51
36
1
52
36
2
53
36
3
77
37
1
61
38
4
62
38
3
19
54
5
49
56
2
30
51
4
20
52
4
21
52
4
24
56
2
25
56
2
26
56
2
66
60
8
40
61
3
16
65
1
17
65
1
78
66
2
45
70
2
46
70
2
59
82
4
60
82
4
61
82
4
62
82
4
63
82
4
64
82
4
65
82
4
66
82
4
67
82
4
58
83
4
59
83
5
60
83
5
61
83
5
62
83
5
63
83
5
64
83
5
65
83
5
66
83
5
67
83
5
68
83
4
59
84
4
60
84
4
61
84
4
62
84
4
63
84
4
64
84
4
65
84
4
66
84
4
67
84
4
37
90
3
38
90
3
39
90
3